NC_001133.9
1 51390
66568 83335
88738 93345
97717 99799
107916 120746
122966 128256
141897 151786
158435 173807
180678 215506
220274 230218
NC_001134.8
1 21713
29644 36221
37392 48443
65701 69700
76462 86674
90217 90814
96402 104767
109740 119625
132352 137324
146140 147291
166667 176500
188587 206136
221032 226952
244264 245835
254070 266580
270516 279930
283548 284575
313624 319096
331770 332005
338260 353719
358763 359293
361621 364429
372623 373348
383433 387728
394521 396466
408073 422487
440644 449387
470721 471187
475622 481040
488078 498740
504189 509899
540695 560992
583978 584995
610142 619169
626040 626755
631014 647537
653829 654899
679037 681616
697790 702885
706558 716188
731652 759832
774216 791882
807687 813184
NC_001135.5
1 21057
23144 44291
47396 57856
66685 94204
96646 103296
108119 110925
114179 128978
135649 139706
164138 176400
187537 191515
204592 227946
237911 238562
245772 257252
259854 316620
NC_001136.10
1 21125
28723 32660
42459 46465
48656 48804
52704 57414
69807 80858
83311 87041
99758 103067
117875 124258
127662 157138
159907 163031
168057 174639
196665 203912
218986 242976
254887 285264
293329 298441
326174 334606
342737 345386
351841 361280
373181 378191
383483 383957
386154 391318
410569 412015
434742 434899
435090 437518
441846 450786
459330 469065
471859 472921
484846 485914
500602 503892
513689 514464
519358 519652
531412 550200
554970 561211
598446 599322
602500 615407
639962 657892
678691 679387
685351 697247
700496 703879
706211 711071
714145 716484
744421 754281
756654 758212
763776 779446
797634 800324
804450 805640
807671 824960
834792 841869
848527 851668
866858 871820
872150 896657
901522 907564
911433 915527
920744 922523
942211 951728
956039 956683
963660 964900
974214 992705
1011654 1035006
1068498 1069525
1073531 1075334
1082483 1094125
1140040 1151516
1154136 1159527
1166137 1168834
1175310 1175647
1175729 1176011
1187431 1187873
1201397 1201967
1206705 1212621
1243230 1247759
1250111 1251399
1261161 1262982
1281850 1281899
1284600 1291772
1307189 1309649
1331313 1334126
1352644 1352977
1366288 1367371
1370861 1375676
1387582 1390312
1404243 1413503
1429090 1435444
1470948 1484510
1504823 1531933
NC_001137.3
1 7538
14685 15007
21083 64490
73347 86509
90498 118079
135497 143254
154334 160247
167155 167641
181833 194838
199623 207720
239897 245541
249927 250776
253614 262688
265117 268212
308420 315878
335123 336388
364954 367330
391180 392442
395274 396584
403604 405415
411494 412390
415466 415921
423688 424765
435947 442511
443292 449630
457617 457856
466790 472425
484791 499269
518377 551741
555005 576874
NC_001138.5
1 48814
62284 94501
99417 116856
125544 147001
156400 160552
165895 186097
208569 211442
223669 270161
NC_001139.9
1 13879
18102 30225
41679 46073
50752 64147
67954 94912
103842 108907
110798 111530
112446 114651
123575 126598
129933 143538
145921 147493
161977 173483
178811 184451
187580 191675
194693 201954
204211 205430
209698 213210
216406 217741
266033 278484
287544 290436
306484 309880
316667 329922
332728 334098
347087 349120
354597 361649
414078 415098
419506 437598
442429 487400
490394 495156
522334 524414
528951 533253
535211 535547
535755 541685
544046 545298
553479 556147
561762 567760
568130 575913
597499 602219
613512 622991
632238 634820
653524 654422
664250 665100
668093 668174
670724 671272
674232 679240
712546 715572
729767 731063
743007 746940
763068 765245
776455 782713
801689 808674
811441 823323
840976 844313
852163 855566
877137 886518
891600 892087
896304 900025
912821 918211
925600 930403
931166 931540
936526 938209
945059 946136
954843 976802
982043 991299
996699 1014090
1026283 1028442
1035167 1086441
1087352 1090940
NC_001140.6
1 26654
33227 69700
75578 79656
82751 85540
88206 96954
120883 126093
148947 150232
157082 180677
186792 188619
195128 204595
214254 216251
219419 222517
235948 237081
283137 286106
297070 298505
327388 327863
360123 360730
363175 398185
448997 461402
464701 483935
490934 493077
497021 562643
NC_001141.2
1 10313
25318 30804
37136 38053
40876 65247
70002 70939
90791 92033
95341 107767
119787 134574
139227 141148
156765 160355
163594 171334
178842 191749
196648 197023
205258 210395
245886 246219
246500 249407
252133 260560
266759 275475
279944 282513
300588 302405
308233 311314
316519 320691
324399 325993
335022 342411
353740 356616
362801 403529
414317 439888
NC_001142.9
1 41613
49491 71724
97702 139042
144721 154457
166389 167538
174586 180582
183942 189544
194592 212300
215197 218059
220662 233656
237708 242333
247546 250760
260112 266518
311280 319364
331222 333065
354638 355174
357860 362085
386286 391036
396525 400263
412550 424444
454118 456735
460248 497548
518410 533750
538103 538439
540925 550093
573155 573819
576323 578489
585556 588046
604849 606726
611819 612171
620661 623986
631663 636449
639955 642418
646546 648687
656489 660915
685724 745751
NC_001143.9
1 101
36981 38956
58479 78909
83853 125842
156881 159067
163738 169736
177159 187091
202644 202988
204838 206315
221924 224072
226789 239869
243155 244601
261090 268056
280336 282213
293520 309297
325511 332797
341285 345052
356521 368472
379488 387378
407359 413771
424650 430309
442250 443042
456944 472342
482604 490460
499512 501651
517456 517792
518215 526857
532258 549507
580047 584297
607291 610249
614741 618247
626591 650402
662990 666816
NC_001144.5
1 12265
13927 55049
65760 66185
82396 116172
132253 136105
193753 206554
215074 221004
231135 238628
246893 272167
282806 285978
298211 299006
315122 317802
324386 342339
351707 354669
373999 374343
380233 394345
401415 402799
410124 418914
421255 429879
440942 513866
523025 525546
530218 530614
533675 538615
549632 565890
582799 586076
589946 607583
610030 616115
624174 626233
631915 633771
640233 640552
649624 656409
656662 663663
666436 669437
688101 688373
695258 702423
704762 706308
716448 721906
728752 739295
748583 777585
786944 787799
804117 807187
821423 823796
826745 831038
835874 841726
846958 856191
859138 874306
880919 896402
912972 949920
960823 1009793
1020706 1053101
1062092 1067992
1073685 1078177
NC_001145.3
1 24736
36709 51733
58674 75864
79157 79210
82433 88840
95430 95890
99765 107588
128740 132259
158205 160917
163290 190095
195312 214806
219782 220959
234082 240357
245077 250257
258691 261759
269406 271913
277626 277989
280408 286081
321311 327825
357006 362924
366146 367845
370221 370900
372691 378621
384797 393098
404384 412880
422769 425441
431132 434039
436356 437620
445609 451356
475491 477965
483612 486624
489084 497553
503771 504878
512206 518069
521919 523171
537400 555009
560727 593052
602490 605665
625560 635327
639556 641226
659150 660317
673003 676212
680440 681725
693356 699816
721714 723673
754161 757245
761347 762525
768548 768884
769698 774407
784350 799884
808537 808911
820435 828086
844975 846268
848777 849228
866945 867840
882153 882744
899821 924431
NC_001146.8
1 13181
19421 56565
81225 103501
110208 114048
120169 130575
155197 158829
172173 175802
183893 186551
233283 245183
256647 257352
266754 272361
321367 334176
344112 346011
352656 359700
365785 371162
377139 377542
398902 415995
431282 448571
473961 484063
486400 513091
519163 525066
538224 540811
545836 550727
554558 573622
581267 593766
644282 667566
676470 679876
701306 701874
717677 750018
770983 784333
NC_001147.6
1 31214
42548 62939
70489 88556
109981 113915
117698 117800
118041 123295
128757 128993
139669 140124
153719 164479
167646 177134
185844 200901
225436 243915
267820 273776
298588 305626
308367 308962
313372 316449
320414 355300
386988 388219
391672 392197
411702 412075
424185 442249
449474 457797
464789 468096
479029 479628
484968 488036
506652 541498
563453 575097
593233 594827
594961 601166
619618 624108
628421 634393
641954 658542
664813 665151
670879 684982
696251 702879
703508 710108
720842 734641
740855 744481
770060 774087
806630 811197
824633 827659
832420 838959
847388 847914
850463 851322
854277 854623
862598 890393
896702 907660
936164 937716
942982 952670
970282 975924
976168 976259
980255 980591
987073 991890
996541 1003392
1013024 1018959
1033249 1042901
1049211 1077016
1083737 1091291
NC_001148.4
1 11177
30050 35790
41790 45211
55859 65156
79101 83933
114976 130033
137977 150514
166017 174435
181737 196471
209729 225617
234164 239213
279305 289430
318856 319020
333999 334293
349832 350479
362354 365899
370595 373171
375031 381614
385268 385685
398289 399221
404307 404435
409148 412432
424296 434388
436481 443131
454627 464029
479338 481545
492710 517259
519787 522497
527574 530402
538878 543488
551538 561806
568350 581309
606468 615993
619114 645386
648229 650661
664991 680020
685028 687414
691425 693740
699681 706133
718053 721035
726263 728779
750245 761206
768670 775530
784235 786799
797344 798403
804640 810228
826182 834742
843856 903266
906236 919222
942890 948066
NC_001224.1
1 14205
20974 36503
36955 39140
42334 57937
60484 60567
62452 62901
63394 75901
76344 85779
