NC_001133.9
1 7270
8606 11691
12518 12744
13052 29402
74318 77414
111503 113293
160234 166252
172275 194469
198851 219329
222669 230218
NC_001134.8
1 7493
9088 9424
29644 36221
37307 43289
67381 68627
221032 226952
254460 255521
259572 265493
277237 287676
352492 353824
462998 464557
496859 504806
540724 542012
559074 561904
613004 615795
643489 643864
644110 646354
779670 781231
813118 813184
NC_001135.5
1 827
4327 7116
52347 56723
62888 63190
82701 83042
84070 94309
124134 124470
136923 140002
168601 168939
169202 169544
200104 200850
247792 255968
307034 316620
NC_001136.10
1 330
20526 21125
45536 45884
81544 83413
148309 152708
225518 227309
343580 344493
384833 385050
389201 434422
434739 451637
461546 464994
513689 519652
520630 523605
527531 531415
555704 573720
603927 604358
645497 651419
801790 802289
871796 891350
986009 986796
987133 987220
987396 992698
1156013 1161404
1174985 1176735
1206699 1212622
1291007 1291275
1352644 1352980
1412261 1412436
1430177 1432669
1523612 1531933
NC_001137.3
1 6792
14685 15007
18801 31687
82714 84775
116041 118453
132491 136025
198441 199008
249930 250275
365190 365781
430995 438335
443370 449320
487834 488170
492584 498421
560461 576874
NC_001138.5
1 7070
14014 16736
30085 31881
32508 32754
68954 88406
105412 109276
142990 143876
167689 175095
204997 205928
210355 210581
270112 270161
NC_001139.9
1 665
52873 55254
69196 74084
110798 111530
205509 205800
256242 274655
307002 307091
345914 348089
393678 395288
401617 405415
422854 424254
446274 454858
466029 482218
529511 531679
535211 535547
561745 567760
568736 574700
640503 641895
707190 712545
745227 745944
811441 817390
882396 884894
931166 931540
984112 988406
999737 1000344
1004152 1011443
1043534 1050374
1076130 1090940
NC_001140.6
1 6280
85386 94981
116425 116761
213256 214365
389013 389509
391596 398213
460551 472157
525441 527274
542179 556986
562486 562643
NC_001141.2
1 26038
30399 30634
93943 106070
130736 140483
246215 246552
324495 324859
339082 339951
381261 388001
390679 390809
390974 391033
391151 392704
392834 393075
399779 400962
434187 439888
NC_001142.9
1 24351
188839 189755
197486 204645
354638 355174
469446 470688
519185 544765
637695 642129
647600 649298
722776 724379
728512 728572
730027 745751
NC_001143.9
1 673
39868 46939
63961 68215
78038 81065
179266 179579
182975 184823
202639 202983
278904 281445
313602 313924
314188 314524
377926 387169
458132 459483
517456 517792
518427 519157
523110 525617
627317 628177
665430 666816
NC_001144.5
1 591
11206 14773
48693 52087
215074 221004
449523 490851
555702 563949
593140 599062
630052 646167
650819 656743
676539 683007
700242 737064
783748 783890
821031 830463
859295 859890
941192 947155
976258 978908
1024732 1036469
1052828 1078177
NC_001145.3
1 5663
86752 102356
159934 165567
168226 168398
168508 168681
178242 184170
190050 210591
237652 238996
357006 362924
408488 411033
504884 505059
538471 539199
587255 589771
721966 723261
768548 768884
794508 795523
917892 924431
NC_001146.8
1 8974
129212 129564
331772 333335
355234 359684
413032 416543
418863 427238
442821 443379
519158 525062
546738 547082
561607 567992
569857 574070
777076 784333
NC_001147.6
1 28988
30771 31072
31211 31443
107301 112174
117698 123629
158590 162217
226696 228219
235521 241339
326204 329343
424729 427629
477545 480245
594815 600733
703508 704882
705711 710108
721239 728646
854277 854621
888329 894399
970287 976250
980255 980591
1035133 1037679
1059054 1064416
1071037 1073327
1082981 1091291
NC_001148.4
1 312
4870 6541
8473 9562
62613 80676
122905 125816
185411 187405
211570 211906
376346 379883
436481 443131
502575 503618
520875 522914
535809 536908
611703 612708
619582 620074
650346 650582
699152 700624
769320 769665
804646 810568
830644 850658
856555 856890
897033 897366
NC_001224.1
1 1453
1847 1905
2537 2598
2826 13165
13987 16434
18841 20398
28015 28378
29281 36085
43223 43634
48005 56443
62671 64319
67361 72832
73011 73614
74779 75788
76587 76638
76817 78493
81109 85779
