NC_001133.9
1 1202
13209 26994
110137 110325
111081 111198
160234 166164
193186 193398
194223 194630
198851 206330
208038 218977
223516 230218
NC_001134.8
1 7493
9088 9424
29594 39086
42671 42736
68163 68468
221032 226952
259579 265500
276638 279729
478739 479045
504511 504795
613687 614809
628887 629242
630135 630408
631237 631668
643489 643864
644110 644208
779999 780470
800579 801650
810839 813184
NC_001135.5
1 601
56124 56210
62793 62999
84295 94309
124134 124470
137065 137500
168601 168939
169202 169544
200104 200850
295260 295611
302530 306698
307463 316620
NC_001136.10
1 230
20511 21125
83327 83705
222992 223355
225400 225535
227704 228064
329571 329719
391079 392165
434740 435465
437144 437518
448983 452811
461663 463271
513689 519652
527531 531415
555398 557771
605524 606079
606591 606980
645497 651419
746547 746682
871714 877096
878635 884220
892656 893039
982043 992698
1156013 1161404
1175310 1175718
1206699 1212622
1352644 1352980
1432613 1432669
1523612 1531933
NC_001137.3
1 4868
5448 6792
14678 15000
82484 84775
116101 117038
135609 136025
249924 250269
261676 262251
306400 306548
307263 307501
434631 434982
435947 436620
443370 449320
487834 488170
492584 498421
566696 569604
NC_001138.5
1 7073
7181 16736
32508 32754
73099 73715
104860 105303
137908 143871
204997 205928
210179 210584
270112 270161
NC_001139.9
1 686
69196 70681
110798 111530
140162 140337
270012 270543
393658 394076
394716 394775
401617 405415
467705 468139
535211 535547
561745 567760
568736 571454
609438 609712
707196 712551
816594 817390
884004 884516
931166 931540
986845 987797
988595 988750
1003151 1003460
1004073 1004508
1007949 1008355
1008958 1009387
1010136 1010438
1011120 1011385
1044117 1044448
1044977 1046082
NC_001140.6
1 6475
81872 81985
85386 94981
116425 116761
212266 212367
213256 214262
389013 389509
466566 466787
471421 471802
525441 527274
543052 550300
556362 562643
NC_001141.2
1 14645
15444 21176
24687 26038
30399 30634
104957 105838
128792 129293
187463 187567
196654 197494
205209 205528
246215 246552
324495 324859
339585 339966
383943 387371
390679 390771
391163 392116
392246 392704
392834 393075
399393 399768
431763 439888
NC_001142.9
1 132
6932 13247
14629 15426
21435 24351
197496 197742
203769 204133
354638 355174
472458 473482
497178 497418
519184 521698
526374 527413
538103 538439
541095 541432
543603 543699
641354 642997
722776 724379
727165 745751
NC_001143.9
1 1212
63995 67155
80233 80580
178761 179110
179710 179986
202639 202983
313602 313924
314188 314524
380205 382763
458132 458471
517456 517792
524211 525591
635227 635618
658575 666816
NC_001144.5
1 13082
215074 221004
451417 490695
562280 563902
593140 599062
650819 656743
700788 701493
731668 732005
783530 783742
829419 829637
831165 831385
832103 832244
941192 942063
945348 947155
976258 981700
1062092 1078177
NC_001145.3
1 141
5537 8453
158876 159117
159811 159921
178428 178815
183980 184173
192329 192599
196332 202207
357596 362924
372691 378621
588358 589847
768548 768884
917892 924431
NC_001146.8
4961 7453
96720 97200
129405 129868
332489 333477
519163 525067
546738 547082
561607 567992
569857 574070
643766 644342
644846 645132
720361 721395
772319 781271
783784 784333
NC_001147.6
1 12568
14025 14304
14905 16007
17719 18171
18350 19114
20347 20695
22296 22414
24894 28988
29358 31443
110765 113451
117698 123629
159116 161955
226696 228219
236376 237602
326056 326474
427989 428068
535069 536268
575104 577624
703508 704747
705711 710108
721641 723424
854277 854621
942825 943431
970287 976250
980255 980591
1059054 1064416
1071037 1080156
1081584 1091291
NC_001148.4
1 6529
25752 26147
56769 63995
79407 80036
136654 137163
211570 211906
379282 379415
436481 443131
482200 483638
520945 522231
535981 536225
613073 613347
619582 620074
650318 650582
699938 701965
769320 769665
773419 773658
804646 810568
829901 830135
832130 832538
833253 833393
850614 856890
944171 948066
NC_001224.1
1 14653
16437 16755
18979 20085
20171 20446
27544 37103
45214 56699
62479 65090
67360 74975
75202 75901
76071 79399
80232 85779
