NC_001133.9
1 230218
NC_001134.8
1 528000
535287 813184
NC_001135.5
1 316620
NC_001136.10
1 1098207
1101693 1379527
1385578 1446154
1450901 1531933
NC_001137.3
1 576874
NC_001138.5
1 270161
NC_001139.9
1 547799
551923 1090940
NC_001140.6
1 562643
NC_001141.2
1 439888
NC_001142.9
1 745751
NC_001143.9
1 666816
NC_001144.5
1 1078177
NC_001145.3
1 84
5500 924431
NC_001146.8
1 784333
NC_001147.6
1 249174
253595 1091291
NC_001148.4
1 852211
856878 948066
NC_001224.1
1 6751
8325 13804
22175 36440
36955 39140
42657 57620
60151 60320
60484 60567
62452 62901
63395 85779
