NC_001133.9
1 1202
13209 26994
160234 166164
198851 206330
208038 218977
227729 230218
NC_001134.8
1 7493
9088 9424
29594 39086
68163 68468
221032 226952
259579 265500
276638 279729
613687 614809
643489 643864
644110 644208
779999 780470
810839 813184
NC_001135.5
1 601
84295 94309
124134 124470
137065 137500
168601 168939
169202 169544
200104 200850
295260 295611
302530 306698
307463 316620
NC_001136.10
1 230
391079 392165
434423 435465
437144 437518
448983 452811
461663 463271
513689 519652
527531 531415
555398 557771
645497 651419
871816 877447
878635 884220
981710 986796
987133 987220
987396 992698
1156013 1161404
1206699 1212622
1352639 1352975
1523612 1531933
NC_001137.3
4196 4586
5448 6792
14678 15000
82484 84775
116101 117038
135609 136025
249924 250269
434631 434982
435947 436620
443370 449320
487834 488170
492584 498421
566696 569604
570378 576874
NC_001138.5
1 16736
32508 32754
73099 73715
137908 143871
204997 205928
270112 270161
NC_001139.9
1 686
69196 70681
110798 111530
270012 270543
401617 405415
467705 468139
535211 535547
561745 567760
568736 571454
707196 712551
816594 817390
884004 884516
931166 931540
NC_001140.6
1 5654
85386 94981
116425 116761
212266 214262
389013 389509
525441 527274
543052 553999
556362 562643
NC_001141.2
1 21176
24970 26038
30399 30634
104957 105838
196654 197494
246215 246552
324495 324859
383941 387371
431763 439888
NC_001142.9
1 1082
6932 13247
21435 24351
197496 197545
203769 204133
354638 355174
472463 473482
519184 521698
526374 527413
538103 538439
541095 541432
641354 642997
722776 724379
727165 745751
NC_001143.9
1 1212
63995 67155
202639 202983
313602 313924
314188 314524
380205 382763
458132 458471
517456 517792
524211 525591
658575 666816
NC_001144.5
1 13082
215074 221004
451417 490695
562280 563902
593140 599062
650824 656748
700788 701493
731668 732005
829419 829637
945348 947155
976258 981700
1062092 1078177
NC_001145.3
1 141
5537 8453
183980 184173
196332 202207
357006 362924
372691 378621
588358 589847
768548 768884
917892 924431
NC_001146.8
4961 7453
332489 333477
519163 525067
546738 547082
561607 567992
569857 574070
772319 781271
783784 784333
NC_001147.6
1 11544
18350 19095
24894 28988
30771 31072
31211 31443
110765 113451
117698 123629
159116 161955
226696 228219
236376 237602
535069 536268
575104 577624
703508 710108
721641 723424
854277 854621
970287 976250
980255 980591
1059054 1064416
1071037 1080156
1081584 1091291
NC_001148.4
25752 26147
56769 63995
79407 80036
211570 211906
379282 379415
436481 443131
520945 522231
535981 536225
619582 620074
650318 650582
699938 701971
769320 769665
804646 810568
850614 856890
944171 948066
NC_001224.1
1 14653
18979 20085
20171 20446
28070 28820
29281 36716
45214 56699
62479 65090
67360 74975
75202 75901
76071 79399
80232 85779
