NC_001133.9
1 11574
12518 12744
13052 26994
166163 166252
169652 191670
198851 218977
229321 230218
NC_001134.8
1 68646
221032 221350
254492 259577
265495 353734
462851 464485
540746 646464
779684 802629
813081 813184
NC_001135.5
1 381
4327 10043
11117 11221
82701 83042
84070 138024
168601 168939
169202 169544
200104 200850
295260 316620
NC_001136.10
1 519
148960 149910
390262 435465
437144 437518
443616 463429
513689 519315
527531 531415
555306 604699
645502 651424
667265 682103
876970 877447
878298 883895
945955 946300
981710 992698
1206699 1212622
1290489 1291330
1352639 1352975
1520563 1524779
1529665 1531933
NC_001137.3
1 6792
14685 15007
18751 133745
135609 136025
249924 250269
434631 434982
435947 436622
443370 449635
487834 488170
492584 498421
566696 576874
NC_001138.5
1 30088
32508 32754
72986 108013
137908 143871
204997 205928
270112 270161
NC_001139.9
1 524
68941 74084
110798 111530
269670 273890
401617 405415
422895 530224
535211 535760
561745 567760
568736 574700
707190 712545
811441 817392
882434 884646
931166 931540
1005825 1006923
1076130 1084324
NC_001140.6
1 5124
85386 94981
116425 116761
213256 214365
389013 389509
391573 466788
525441 527274
543611 554003
556357 562643
NC_001141.2
1 37653
104363 105904
169580 185761
196654 197494
246215 246552
324495 324859
386712 439888
NC_001142.9
1 85
3904 11587
13801 14223
21578 29074
188621 204645
354638 355174
469442 472463
483960 528004
538103 538439
541095 541492
628911 648942
722637 743358
745423 745751
NC_001143.9
1 509
63854 67199
183029 184879
202639 202983
313602 313924
314188 314524
380198 383938
458132 458471
517456 517792
523075 525610
665430 666816
NC_001144.5
1 134
11238 13082
48636 50450
215418 221004
450866 563903
593140 599062
650824 656748
700352 834709
941192 947155
976258 981700
1003271 1027192
1052828 1078177
NC_001145.3
1 5598
86072 87230
163052 184167
190084 238373
357006 362924
409177 410696
538173 538926
587227 589437
722375 798050
917892 924431
NC_001146.8
1 6743
332471 427489
519163 525067
546738 547082
561607 567992
569857 574070
777127 784333
NC_001147.6
1 29061
29670 31072
31148 31443
110467 162409
227047 228219
235520 238165
534940 535490
594815 600733
703508 710108
720863 724119
854277 854621
854896 855884
970287 976250
980255 980591
1035216 1071405
1081584 1091291
NC_001148.4
1 312
4870 9463
56769 63995
79121 80877
186214 187437
211570 211906
379137 379893
436481 443131
484531 537279
619600 620068
650003 700891
769320 769665
804646 810568
844407 897393
946851 948066
NC_001224.1
1 85779
