NC_001133.9
1 11574
12518 12744
13052 26994
110137 110325
111081 111198
113285 113406
160234 166252
169652 191670
194223 194630
198851 218977
229321 230218
NC_001134.8
3951 68646
221032 221440
226530 226952
254492 260325
265495 353734
462851 464485
504511 504795
540746 646464
779684 802629
813093 813184
NC_001135.5
1 381
4327 10043
11117 11221
56124 56210
62793 62999
82701 83042
84070 138024
168601 168939
169202 169544
200104 200850
295260 316620
NC_001136.10
1 519
20511 21125
46353 46460
83327 83705
148960 149910
222992 223355
225400 225535
329571 329719
390262 434422
434740 435465
437144 437518
443616 463429
513689 519652
527531 531415
555306 604699
645502 647142
667265 682103
746547 746682
871714 871818
876970 877446
878635 883291
883803 884220
892656 893039
981710 992698
1175622 1175718
1206699 1212622
1290489 1291330
1352639 1352975
1432613 1432669
1520563 1531933
NC_001137.3
1 6792
14685 15007
22794 133745
135940 136025
249924 250269
261676 262251
306400 306548
307263 307501
434631 435373
435947 436620
443370 449320
487834 488170
492584 498421
566696 576874
NC_001138.5
1 30088
32508 32754
72986 108013
137908 143871
204997 205928
210179 210584
270112 270161
NC_001139.9
1 524
68941 74084
110798 111530
140162 140337
269670 273890
393658 394076
394716 394775
401617 405415
422895 480989
482380 530224
535211 535760
561745 563164
568736 574700
707190 712205
811441 817390
882434 884646
931166 931540
986845 987797
988595 988750
1003151 1003460
1004073 1004171
1005825 1006923
1008958 1009387
1010136 1010438
1011120 1011385
1044117 1044448
1044977 1046082
1076130 1084324
NC_001140.6
1 5124
81872 81985
85386 94981
116425 116761
213256 214365
389013 389509
391573 466790
525441 527274
544652 554003
556357 562643
NC_001141.2
1 14645
15444 37653
104363 105904
169580 185761
196654 197494
246215 246316
324495 324859
338184 340308
386712 439888
NC_001142.9
1 2785
5865 11587
13801 14223
14629 15426
21199 29075
188621 204645
354638 355174
469442 473445
483960 528004
538103 538439
541095 541495
543604 543699
628812 648942
722637 743358
745423 745751
NC_001143.9
1 509
63854 67199
80233 80580
178761 179110
179710 179986
183029 184879
202639 202983
313602 313924
314188 314524
380198 383938
458132 458471
517456 517792
523075 525610
635227 635618
665430 666816
NC_001144.5
1 134
11238 13660
48636 50450
215074 221004
450866 563903
593140 599062
650819 656743
700352 834709
941192 947155
976258 981700
1003644 1027192
1052828 1078177
NC_001145.3
1 5598
86072 87230
158876 159134
159811 159921
162191 184170
189001 189144
189676 238373
357006 362924
409177 410696
504815 504878
538173 538926
587227 589437
722375 798050
917892 924431
NC_001146.8
1 8974
332471 427489
519158 525062
546738 547082
561607 567992
569857 574070
643766 644342
644846 645132
720361 721395
772622 784333
NC_001147.6
1 29061
29670 31072
31148 31443
110467 162409
227047 228219
235520 238165
326056 326474
427989 428068
534940 535490
595569 600733
664059 665047
703508 710108
720863 724119
854277 855884
942825 943431
970287 976250
980255 980591
1035216 1071405
1081584 1091291
NC_001148.4
1 312
4870 9463
56769 63995
79121 80877
136654 137163
186214 187437
211570 211906
379137 379893
436481 443131
482200 537279
613073 613347
619600 620068
650003 700891
769320 769665
773419 773658
804646 810568
829901 830135
832130 832538
833253 833393
844407 848992
850341 856231
856555 897393
946851 948066
NC_001224.1
1 85779
